$ 1 0.000005 10.20027730826997 50 5 43 5e-11
f 208 192 288 192 32 1.5 0.02
r 288 208 288 304 0 10
370 288 304 288 368 1 0 0
R 288 176 288 112 0 0 40 5 0 0 0.5
s 96 192 208 192 0 1 false
R 96 192 96 96 0 0 40 3 0 0 0.5
g 288 368 288 432 0 0
f 512 192 576 192 32 1.5 0.02
r 576 176 576 80 0 10
s 432 192 512 192 0 1 false
370 576 208 576 288 1 0 0
g 576 288 576 336 0 0
R 432 192 432 144 0 0 40 3 0 0 0.5
R 576 80 576 48 0 0 40 5 0 0 0.5
f 832 192 928 192 33 1.5 0.02
r 928 208 928 288 0 10
370 928 288 928 352 1 0 0
g 928 352 928 400 0 0
s 752 192 832 192 0 0 false
R 752 192 752 112 0 0 40 3 0 0 0.5
R 928 176 928 64 0 0 40 5 0 0 0.5
f 1248 192 1328 192 33 1.5 0.02
r 1328 176 1328 96 0 10
370 1328 208 1328 288 1 0 0
g 1328 288 1328 336 0 0
s 1168 192 1248 192 0 0 false
R 1168 192 1168 128 0 0 40 3 0 0 0.5
R 1328 80 1328 16 0 0 40 5 0 0 0.5
w 1328 96 1328 80 0
