$ 1 0.000005 10.20027730826997 50 5 43 5e-11
f 352 208 432 208 33 1.5 0.02
R 288 208 288 128 0 0 40 2.8 0 0 0.5
R 432 128 432 64 0 0 40 3.3 0 0 0.5
g 432 384 432 432 0 0
w 432 192 432 128 0
w 432 224 432 288 0
370 432 304 432 384 1 0 2
w 432 304 432 288 0
w 288 208 352 208 0
w 688 224 752 224 0
w 832 320 832 304 0
370 832 320 832 400 1 0 2
w 832 240 832 304 0
w 832 208 832 144 0
g 832 400 832 448 0 0
R 832 144 832 80 0 0 40 5 0 0 0.5
R 688 224 688 144 0 0 40 3.3 0 0 0.5
f 752 224 832 224 32 1.5 0.02
x 352 106 401 109 4 24 PNP
x 696 107 746 110 4 24 NPN
x 454 171 530 174 4 24 Source
x 857 260 933 263 4 24 Source
p 352 208 432 128 3 0 0
p 752 224 832 320 3 0 0
o 1 64 0 4099 5 0.00009765625 0 2 1 3
38 16 F1 0 0 5 -1 NPN\sGate\sVolt
38 1 F1 0 0 5 -1 PNP\sGate\sVolt
